<?xml version="1.0"?>
<opencv_storage>
<Digit_BlackWhitePixelRatio>
  <Zero>1.5314285278320313e+01</Zero>
  <One>6.5000000000000000e+00</One>
  <Two>7.6382980346679688e+00</Two>
  <Three>9.2181816101074219e+00</Three>
  <Four>5.5999999046325684e+00</Four>
  <Five>8.2158269882202148e+00</Five>
  <Six>9.4028778076171875e+00</Six>
  <Seven>7.</Seven>
  <Eight>9.3684206008911133e+00</Eight>
  <Nine>9.1320753097534180e+00</Nine></Digit_BlackWhitePixelRatio>
</opencv_storage>
